t,x,y,v_x,v_y,d
0.00000000e+00,-1.694750000000e+08,-2.056391213389e+07,2.695447858255e+03,0.000000000000e+00,1.707180427115e+08
1.80000000e+02,-1.689897957080e+08,-2.056390925814e+07,2.695711189494e+03,3.199819340024e-02,1.702363836802e+08
3.60000000e+02,-1.685045438830e+08,-2.056390059821e+07,2.695976004032e+03,6.426914671205e-02,1.697546942668e+08
5.40000000e+02,-1.680192442570e+08,-2.056388610473e+07,2.696242314493e+03,9.681597570330e-02,1.692729770474e+08
7.20000000e+02,-1.675338965596e+08,-2.056386572775e+07,2.696510133643e+03,1.296418408563e-01,1.687912319216e+08
9.00000000e+02,-1.670485005179e+08,-2.056383941676e+07,2.696779474395e+03,1.627499481410e-01,1.683094587890e+08
1.08000000e+03,-1.665630558570e+08,-2.056380712067e+07,2.697050349809e+03,1.961435498045e-01,1.678276575484e+08
1.26000000e+03,-1.660775622994e+08,-2.056376878779e+07,2.697322773096e+03,2.298259451760e-01,1.673458280986e+08
1.44000000e+03,-1.655920195653e+08,-2.056372436584e+07,2.697596757619e+03,2.638004814883e-01,1.668639703378e+08
1.62000000e+03,-1.651064273724e+08,-2.056367380192e+07,2.697872316894e+03,2.980705547163e-01,1.663820841641e+08
1.80000000e+03,-1.646207854362e+08,-2.056361704253e+07,2.698149464597e+03,3.326396104325e-01,1.659001694750e+08
1.98000000e+03,-1.641350934693e+08,-2.056355403354e+07,2.698428214559e+03,3.675111446801e-01,1.654182261678e+08
2.16000000e+03,-1.636493511822e+08,-2.056348472019e+07,2.698708580774e+03,4.026887048642e-01,1.649362541393e+08
2.34000000e+03,-1.631635582827e+08,-2.056340904707e+07,2.698990577402e+03,4.381758906613e-01,1.644542532861e+08
2.52000000e+03,-1.626777144760e+08,-2.056332695811e+07,2.699274218765e+03,4.739763549477e-01,1.639722235043e+08
2.70000000e+03,-1.621918194647e+08,-2.056323839660e+07,2.699559519355e+03,5.100938047473e-01,1.634901646899e+08
2.88000000e+03,-1.617058729488e+08,-2.056314330513e+07,2.699846493837e+03,5.465320021993e-01,1.630080767383e+08
3.06000000e+03,-1.612198746258e+08,-2.056304162564e+07,2.700135157046e+03,5.832947655453e-01,1.625259595447e+08
3.24000000e+03,-1.607338241904e+08,-2.056293329935e+07,2.700425523995e+03,6.203859701387e-01,1.620438130039e+08
3.42000000e+03,-1.602477213344e+08,-2.056281826679e+07,2.700717609876e+03,6.578095494739e-01,1.615616370105e+08
3.60000000e+03,-1.597615657470e+08,-2.056269646777e+07,2.701011430061e+03,6.955694962375e-01,1.610794314586e+08
3.78000000e+03,-1.592753571148e+08,-2.056256784138e+07,2.701307000108e+03,7.336698633829e-01,1.605971962421e+08
3.96000000e+03,-1.587890951214e+08,-2.056243232598e+07,2.701604335759e+03,7.721147652260e-01,1.601149312545e+08
4.14000000e+03,-1.583027794474e+08,-2.056228985918e+07,2.701903452948e+03,8.109083785655e-01,1.596326363890e+08
4.32000000e+03,-1.578164097707e+08,-2.056214037783e+07,2.702204367800e+03,8.500549438268e-01,1.591503115385e+08
4.50000000e+03,-1.573299857664e+08,-2.056198381800e+07,2.702507096636e+03,8.895587662302e-01,1.586679565955e+08
4.68000000e+03,-1.568435071064e+08,-2.056182011501e+07,2.702811655976e+03,9.294242169847e-01,1.581855714525e+08
4.86000000e+03,-1.563569734598e+08,-2.056164920336e+07,2.703118062539e+03,9.696557345070e-01,1.577031560014e+08
5.04000000e+03,-1.558703844924e+08,-2.056147101675e+07,2.703426333252e+03,1.010257825667e+00,1.572207101338e+08
5.22000000e+03,-1.553837398672e+08,-2.056128548808e+07,2.703736485246e+03,1.051235067061e+00,1.567382337412e+08
5.40000000e+03,-1.548970392441e+08,-2.056109254938e+07,2.704048535865e+03,1.092592106312e+00,1.562557267147e+08
5.58000000e+03,-1.544102822796e+08,-2.056089213189e+07,2.704362502667e+03,1.134333663398e+00,1.557731889452e+08
5.76000000e+03,-1.539234686274e+08,-2.056068416595e+07,2.704678403426e+03,1.176464532010e+00,1.552906203231e+08
5.94000000e+03,-1.534365979376e+08,-2.056046858105e+07,2.704996256136e+03,1.218989580941e+00,1.548080207389e+08
6.12000000e+03,-1.529496698573e+08,-2.056024530579e+07,2.705316079019e+03,1.261913755502e+00,1.543253900824e+08
6.30000000e+03,-1.524626840302e+08,-2.056001426789e+07,2.705637890520e+03,1.305242078973e+00,1.538427282437e+08
6.48000000e+03,-1.519756400966e+08,-2.055977539413e+07,2.705961709317e+03,1.348979654088e+00,1.533600351120e+08
6.66000000e+03,-1.514885376936e+08,-2.055952861039e+07,2.706287554324e+03,1.393131664543e+00,1.528773105769e+08
6.84000000e+03,-1.510013764546e+08,-2.055927384160e+07,2.706615444691e+03,1.437703376552e+00,1.523945545272e+08
7.02000000e+03,-1.505141560099e+08,-2.055901101172e+07,2.706945399813e+03,1.482700140425e+00,1.519117668520e+08
7.20000000e+03,-1.500268759860e+08,-2.055874004376e+07,2.707277439329e+03,1.528127392188e+00,1.514289474397e+08
7.38000000e+03,-1.495395360058e+08,-2.055846085974e+07,2.707611583129e+03,1.573990655244e+00,1.509460961788e+08
7.56000000e+03,-1.490521356889e+08,-2.055817338068e+07,2.707947851356e+03,1.620295542058e+00,1.504632129575e+08
7.74000000e+03,-1.485646746510e+08,-2.055787752656e+07,2.708286264411e+03,1.667047755893e+00,1.499802976638e+08
7.92000000e+03,-1.480771525041e+08,-2.055757321634e+07,2.708626842959e+03,1.714253092579e+00,1.494973501856e+08
8.10000000e+03,-1.475895688567e+08,-2.055726036795e+07,2.708969607929e+03,1.761917442326e+00,1.490143704105e+08
8.28000000e+03,-1.471019233132e+08,-2.055693889821e+07,2.709314580523e+03,1.810046791578e+00,1.485313582260e+08
8.46000000e+03,-1.466142154743e+08,-2.055660872289e+07,2.709661782216e+03,1.858647224901e+00,1.480483135195e+08
8.64000000e+03,-1.461264449369e+08,-2.055626975663e+07,2.710011234763e+03,1.907724926932e+00,1.475652361781e+08
8.82000000e+03,-1.456386112938e+08,-2.055592191295e+07,2.710362960204e+03,1.957286184356e+00,1.470821260889e+08
9.00000000e+03,-1.451507141338e+08,-2.055556510425e+07,2.710716980867e+03,2.007337387939e+00,1.465989831388e+08
9.18000000e+03,-1.446627530419e+08,-2.055519924176e+07,2.711073319374e+03,2.057885034604e+00,1.461158072147e+08
9.36000000e+03,-1.441747275988e+08,-2.055482423551e+07,2.711431998644e+03,2.108935729559e+00,1.456325982034e+08
9.54000000e+03,-1.436866373809e+08,-2.055443999436e+07,2.711793041900e+03,2.160496188469e+00,1.451493559914e+08
9.72000000e+03,-1.431984819608e+08,-2.055404642594e+07,2.712156472675e+03,2.212573239688e+00,1.446660804653e+08
9.90000000e+03,-1.427102609065e+08,-2.055364343663e+07,2.712522314811e+03,2.265173826535e+00,1.441827715118e+08
1.00800000e+04,-1.422219737817e+08,-2.055323093158e+07,2.712890592472e+03,2.318305009626e+00,1.436994290171e+08
1.02600000e+04,-1.417336201459e+08,-2.055280881462e+07,2.713261330146e+03,2.371973969268e+00,1.432160528679e+08
1.04400000e+04,-1.412451995541e+08,-2.055237698830e+07,2.713634552649e+03,2.426188007901e+00,1.427326429505e+08
1.06200000e+04,-1.407567115568e+08,-2.055193535384e+07,2.714010285132e+03,2.480954552606e+00,1.422491991513e+08
1.08000000e+04,-1.402681556997e+08,-2.055148381111e+07,2.714388553086e+03,2.536281157666e+00,1.417657213569e+08
1.09800000e+04,-1.397795315244e+08,-2.055102225861e+07,2.714769382349e+03,2.592175507193e+00,1.412822094536e+08
1.11600000e+04,-1.392908385672e+08,-2.055055059345e+07,2.715152799112e+03,2.648645417822e+00,1.407986633280e+08
1.13400000e+04,-1.388020763602e+08,-2.055006871131e+07,2.715538829923e+03,2.705698841461e+00,1.403150828668e+08
1.15200000e+04,-1.383132444304e+08,-2.054957650643e+07,2.715927501694e+03,2.763343868118e+00,1.398314679565e+08
1.17000000e+04,-1.378243422999e+08,-2.054907387158e+07,2.716318841708e+03,2.821588728789e+00,1.393478184840e+08
1.18800000e+04,-1.373353694860e+08,-2.054856069805e+07,2.716712877626e+03,2.880441798423e+00,1.388641343362e+08
1.20600000e+04,-1.368463255009e+08,-2.054803687559e+07,2.717109637490e+03,2.939911598953e+00,1.383804154001e+08
1.22400000e+04,-1.363572098518e+08,-2.054750229241e+07,2.717509149735e+03,3.000006802413e+00,1.378966615631e+08
1.24200000e+04,-1.358680220405e+08,-2.054695683515e+07,2.717911443191e+03,3.060736234116e+00,1.374128727124e+08
1.26000000e+04,-1.353787615640e+08,-2.054640038884e+07,2.718316547092e+03,3.122108875930e+00,1.369290487357e+08
1.27800000e+04,-1.348894279136e+08,-2.054583283688e+07,2.718724491082e+03,3.184133869619e+00,1.364451895209e+08
1.29600000e+04,-1.344000205754e+08,-2.054525406101e+07,2.719135305226e+03,3.246820520277e+00,1.359612949561e+08
1.31400000e+04,-1.339105390301e+08,-2.054466394128e+07,2.719549020011e+03,3.310178299848e+00,1.354773649296e+08
1.33200000e+04,-1.334209827527e+08,-2.054406235604e+07,2.719965666360e+03,3.374216850731e+00,1.349933993302e+08
1.35000000e+04,-1.329313512128e+08,-2.054344918185e+07,2.720385275634e+03,3.438945989476e+00,1.345093980469e+08
1.36800000e+04,-1.324416438742e+08,-2.054282429351e+07,2.720807879645e+03,3.504375710581e+00,1.340253609691e+08
1.38600000e+04,-1.319518601950e+08,-2.054218756401e+07,2.721233510660e+03,3.570516190376e+00,1.335412879866e+08
1.40400000e+04,-1.314619996272e+08,-2.054153886448e+07,2.721662201410e+03,3.637377791016e+00,1.330571789895e+08
1.42200000e+04,-1.309720616173e+08,-2.054087806417e+07,2.722093985101e+03,3.704971064566e+00,1.325730338686e+08
1.44000000e+04,-1.304820456054e+08,-2.054020503042e+07,2.722528895421e+03,3.773306757203e+00,1.320888525149e+08
1.45800000e+04,-1.299919510258e+08,-2.053951962861e+07,2.722966966545e+03,3.842395813518e+00,1.316046348201e+08
1.47600000e+04,-1.295017773062e+08,-2.053882172213e+07,2.723408233152e+03,3.912249380932e+00,1.311203806764e+08
1.49400000e+04,-1.290115238684e+08,-2.053811117235e+07,2.723852730425e+03,3.982878814228e+00,1.306360899765e+08
1.51200000e+04,-1.285211901277e+08,-2.053738783858e+07,2.724300494068e+03,4.054295680203e+00,1.301517626139e+08
1.53000000e+04,-1.280307754929e+08,-2.053665157803e+07,2.724751560311e+03,4.126511762441e+00,1.296673984825e+08
1.54800000e+04,-1.275402793661e+08,-2.053590224575e+07,2.725205965921e+03,4.199539066205e+00,1.291829974770e+08
1.56600000e+04,-1.270497011430e+08,-2.053513969463e+07,2.725663748211e+03,4.273389823474e+00,1.286985594930e+08
1.58400000e+04,-1.265590402123e+08,-2.053436377533e+07,2.726124945054e+03,4.348076498096e+00,1.282140844265e+08
1.60200000e+04,-1.260682959560e+08,-2.053357433625e+07,2.726589594887e+03,4.423611791093e+00,1.277295721747e+08
1.62000000e+04,-1.255774677491e+08,-2.053277122347e+07,2.727057736727e+03,4.500008646100e+00,1.272450226354e+08
1.63800000e+04,-1.250865549594e+08,-2.053195428073e+07,2.727529410180e+03,4.577280254950e+00,1.267604357074e+08
1.65600000e+04,-1.245955569476e+08,-2.053112334936e+07,2.728004655453e+03,4.655440063412e+00,1.262758112904e+08
1.67400000e+04,-1.241044730672e+08,-2.053027826827e+07,2.728483513361e+03,4.734501777087e+00,1.257911492851e+08
1.69200000e+04,-1.236133026640e+08,-2.052941887385e+07,2.728966025347e+03,4.814479367459e+00,1.253064495933e+08
1.71000000e+04,-1.231220450767e+08,-2.052854499997e+07,2.729452233484e+03,4.895387078110e+00,1.248217121178e+08
1.72800000e+04,-1.226306996361e+08,-2.052765647790e+07,2.729942180496e+03,4.977239431115e+00,1.243369367625e+08
1.74600000e+04,-1.221392656653e+08,-2.052675313629e+07,2.730435909764e+03,5.060051233600e+00,1.238521234327e+08
1.76400000e+04,-1.216477424795e+08,-2.052583480107e+07,2.730933465343e+03,5.143837584491e+00,1.233672720347e+08
1.78200000e+04,-1.211561293860e+08,-2.052490129545e+07,2.731434891972e+03,5.228613881444e+00,1.228823824764e+08
1.80000000e+04,-1.206644256839e+08,-2.052395243982e+07,2.731940235090e+03,5.314395827970e+00,1.223974546668e+08
1.81800000e+04,-1.201726306642e+08,-2.052298805174e+07,2.732449540845e+03,5.401199440762e+00,1.219124885164e+08
1.83600000e+04,-1.196807436092e+08,-2.052200794583e+07,2.732962856116e+03,5.489041057218e+00,1.214274839374e+08
1.85400000e+04,-1.191887637930e+08,-2.052101193377e+07,2.733480228518e+03,5.577937343189e+00,1.209424408433e+08
1.87200000e+04,-1.186966904811e+08,-2.051999982418e+07,2.734001706424e+03,5.667905300933e+00,1.204573591493e+08
1.89000000e+04,-1.182045229300e+08,-2.051897142261e+07,2.734527338974e+03,5.758962277306e+00,1.199722387723e+08
1.90800000e+04,-1.177122603873e+08,-2.051792653145e+07,2.735057176095e+03,5.851125972177e+00,1.194870796312e+08
1.92600000e+04,-1.172199020918e+08,-2.051686494986e+07,2.735591268515e+03,5.944414447089e+00,1.190018816463e+08
1.94400000e+04,-1.167274472728e+08,-2.051578647375e+07,2.736129667779e+03,6.038846134168e+00,1.185166447402e+08
1.96200000e+04,-1.162348951504e+08,-2.051469089563e+07,2.736672426265e+03,6.134439845289e+00,1.180313688373e+08
1.98000000e+04,-1.157422449351e+08,-2.051357800463e+07,2.737219597199e+03,6.231214781503e+00,1.175460538643e+08
1.99800000e+04,-1.152494958280e+08,-2.051244758636e+07,2.737771234678e+03,6.329190542748e+00,1.170606997497e+08
2.01600000e+04,-1.147566470199e+08,-2.051129942288e+07,2.738327393681e+03,6.428387137831e+00,1.165753064247e+08
2.03400000e+04,-1.142636976921e+08,-2.051013329261e+07,2.738888130092e+03,6.528824994715e+00,1.160898738226e+08
2.05200000e+04,-1.137706470156e+08,-2.050894897026e+07,2.739453500715e+03,6.630524971097e+00,1.156044018791e+08
2.07000000e+04,-1.132774941509e+08,-2.050774622672e+07,2.740023563294e+03,6.733508365308e+00,1.151188905326e+08
2.08800000e+04,-1.127842382483e+08,-2.050652482904e+07,2.740598376536e+03,6.837796927533e+00,1.146333397241e+08
2.10600000e+04,-1.122908784473e+08,-2.050528454029e+07,2.741178000124e+03,6.943412871363e+00,1.141477493973e+08
2.12400000e+04,-1.117974138766e+08,-2.050402511951e+07,2.741762494743e+03,7.050378885697e+00,1.136621194987e+08
2.14200000e+04,-1.113038436539e+08,-2.050274632161e+07,2.742351922098e+03,7.158718147000e+00,1.131764499780e+08
2.16000000e+04,-1.108101668855e+08,-2.050144789727e+07,2.742946344939e+03,7.268454331931e+00,1.126907407877e+08
2.17800000e+04,-1.103163826667e+08,-2.050012959289e+07,2.743545827076e+03,7.379611630352e+00,1.122049918837e+08
2.19600000e+04,-1.098224900809e+08,-2.049879115045e+07,2.744150433410e+03,7.492214758736e+00,1.117192032251e+08
2.21400000e+04,-1.093284881999e+08,-2.049743230743e+07,2.744760229949e+03,7.606288973987e+00,1.112333747746e+08
2.23200000e+04,-1.088343760833e+08,-2.049605279672e+07,2.745375283837e+03,7.721860087673e+00,1.107475064983e+08
2.25000000e+04,-1.083401527788e+08,-2.049465234652e+07,2.745995663373e+03,7.838954480716e+00,1.102615983662e+08
2.26800000e+04,-1.078458173214e+08,-2.049323068021e+07,2.746621438040e+03,7.957599118520e+00,1.097756503519e+08
2.28600000e+04,-1.073513687338e+08,-2.049178751629e+07,2.747252678531e+03,8.077821566579e+00,1.092896624334e+08
2.30400000e+04,-1.068568060255e+08,-2.049032256821e+07,2.747889456770e+03,8.199650006574e+00,1.088036345924e+08
2.32200000e+04,-1.063621281933e+08,-2.048883554432e+07,2.748531845945e+03,8.323113252965e+00,1.083175668153e+08
2.34000000e+04,-1.058673342205e+08,-2.048732614771e+07,2.749179920530e+03,8.448240770117e+00,1.078314590928e+08
2.35800000e+04,-1.053724230769e+08,-2.048579407610e+07,2.749833756319e+03,8.575062689965e+00,1.073453114202e+08
2.37600000e+04,-1.048773937186e+08,-2.048423902175e+07,2.750493430448e+03,8.703609830239e+00,1.068591237976e+08
2.39400000e+04,-1.043822450876e+08,-2.048266067129e+07,2.751159021434e+03,8.833913713269e+00,1.063728962303e+08
2.41200000e+04,-1.038869761117e+08,-2.048105870561e+07,2.751830609194e+03,8.966006585400e+00,1.058866287284e+08
2.43000000e+04,-1.033915857043e+08,-2.047943279974e+07,2.752508275087e+03,9.099921437029e+00,1.054003213078e+08
2.44800000e+04,-1.028960727637e+08,-2.047778262269e+07,2.753192101940e+03,9.235692023289e+00,1.049139739897e+08
2.46600000e+04,-1.024004361736e+08,-2.047610783733e+07,2.753882174083e+03,9.373352885412e+00,1.044275868010e+08
2.48400000e+04,-1.019046748019e+08,-2.047440810025e+07,2.754578577382e+03,9.512939372784e+00,1.039411597748e+08
2.50200000e+04,-1.014087875013e+08,-2.047268306159e+07,2.755281399274e+03,9.654487665723e+00,1.034546929503e+08
2.52000000e+04,-1.009127731084e+08,-2.047093236490e+07,2.755990728805e+03,9.798034799016e+00,1.029681863730e+08
2.53800000e+04,-1.004166304437e+08,-2.046915564700e+07,2.756706656664e+03,9.943618686231e+00,1.024816400953e+08
2.55600000e+04,-9.992035831129e+07,-2.046735253779e+07,2.757429275219e+03,1.009127814483e+01,1.019950541763e+08
2.57400000e+04,-9.942395549830e+07,-2.046552266010e+07,2.758158678563e+03,1.024105292216e+01,1.015084286823e+08
2.59200000e+04,-9.892742077491e+07,-2.046366562953e+07,2.758894962544e+03,1.039298372222e+01,1.010217636871e+08
2.61000000e+04,-9.843075289383e+07,-2.046178105425e+07,2.759638224815e+03,1.054711223348e+01,1.005350592722e+08
2.62800000e+04,-9.793395059006e+07,-2.045986853486e+07,2.760388564870e+03,1.070348115753e+01,1.000483155268e+08
2.64600000e+04,-9.743701258049e+07,-2.045792766415e+07,2.761146084089e+03,1.086213423869e+01,9.956153254868e+07
2.66400000e+04,-9.693993756360e+07,-2.045595802696e+07,2.761910885783e+03,1.102311629476e+01,9.907471044402e+07
2.68200000e+04,-9.644272421911e+07,-2.045395919995e+07,2.762683075240e+03,1.118647324870e+01,9.858784932788e+07
2.70000000e+04,-9.594537120759e+07,-2.045193075144e+07,2.763462759769e+03,1.135225216147e+01,9.810094932452e+07
2.71800000e+04,-9.544787717012e+07,-2.044987224113e+07,2.764250048753e+03,1.152050126599e+01,9.761401056772e+07
2.73600000e+04,-9.495024072788e+07,-2.044778321997e+07,2.765045053692e+03,1.169127000228e+01,9.712703320114e+07
2.75400000e+04,-9.445246048181e+07,-2.044566322989e+07,2.765847888261e+03,1.186460905386e+01,9.664001737865e+07
2.77200000e+04,-9.395453501219e+07,-2.044351180356e+07,2.766658668359e+03,1.204057038542e+01,9.615296326474e+07
2.79000000e+04,-9.345646287820e+07,-2.044132846419e+07,2.767477512162e+03,1.221920728177e+01,9.566587103488e+07
2.80800000e+04,-9.295824261758e+07,-2.043911272530e+07,2.768304540181e+03,1.240057438830e+01,9.517874087593e+07
2.82600000e+04,-9.245987274614e+07,-2.043686409042e+07,2.769139875316e+03,1.258472775274e+01,9.469157298655e+07
2.84400000e+04,-9.196135175736e+07,-2.043458205288e+07,2.769983642918e+03,1.277172486853e+01,9.420436757764e+07
2.86200000e+04,-9.146267812193e+07,-2.043226609550e+07,2.770835970848e+03,1.296162471975e+01,9.371712487277e+07
2.88000000e+04,-9.096385028728e+07,-2.042991569038e+07,2.771696989538e+03,1.315448782755e+01,9.322984510868e+07
2.89800000e+04,-9.046486667714e+07,-2.042753029856e+07,2.772566832059e+03,1.335037629849e+01,9.274252853570e+07
2.91600000e+04,-8.996572569104e+07,-2.042510936976e+07,2.773445634180e+03,1.354935387446e+01,9.225517541832e+07
2.93400000e+04,-8.946642570383e+07,-2.042265234209e+07,2.774333534444e+03,1.375148598455e+01,9.176778603566e+07
2.95200000e+04,-8.896696506516e+07,-2.042015864171e+07,2.775230674232e+03,1.395683979878e+01,9.128036068200e+07
2.97000000e+04,-8.846734209898e+07,-2.041762768254e+07,2.776137197837e+03,1.416548428390e+01,9.079289966740e+07
2.98800000e+04,-8.796755510299e+07,-2.041505886590e+07,2.777053252538e+03,1.437749026119e+01,9.030540331820e+07
3.00600000e+04,-8.746760234811e+07,-2.041245158021e+07,2.777978988678e+03,1.459293046651e+01,8.981787197770e+07
3.02400000e+04,-8.696748207791e+07,-2.040980520061e+07,2.778914559740e+03,1.481187961258e+01,8.933030600671e+07
3.04200000e+04,-8.646719250805e+07,-2.040711908863e+07,2.779860122427e+03,1.503441445365e+01,8.884270578426e+07
3.06000000e+04,-8.596673182569e+07,-2.040439259176e+07,2.780815836751e+03,1.526061385259e+01,8.835507170823e+07
3.07800000e+04,-8.546609818888e+07,-2.040162504314e+07,2.781781866114e+03,1.549055885065e+01,8.786740419610e+07
3.09600000e+04,-8.496528972595e+07,-2.039881576108e+07,2.782758377398e+03,1.572433273982e+01,8.737970368562e+07
3.11400000e+04,-8.446430453487e+07,-2.039596404872e+07,2.783745541058e+03,1.596202113804e+01,8.689197063562e+07
3.13200000e+04,-8.396314068258e+07,-2.039306919356e+07,2.784743531213e+03,1.620371206736e+01,8.640420552675e+07
3.15000000e+04,-8.346179620438e+07,-2.039013046704e+07,2.785752525747e+03,1.644949603512e+01,8.591640886235e+07
3.16800000e+04,-8.296026910317e+07,-2.038714712408e+07,2.786772706406e+03,1.669946611837e+01,8.542858116926e+07
3.18600000e+04,-8.245855734880e+07,-2.038411840259e+07,2.787804258904e+03,1.695371805166e+01,8.494072299871e+07
3.20400000e+04,-8.195665887731e+07,-2.038104352302e+07,2.788847373026e+03,1.721235031822e+01,8.445283492725e+07
3.22200000e+04,-8.145457159023e+07,-2.037792168784e+07,2.789902242742e+03,1.747546424494e+01,8.396491755773e+07
3.24000000e+04,-8.095229335376e+07,-2.037475208101e+07,2.790969066318e+03,1.774316410107e+01,8.347697152023e+07
3.25800000e+04,-8.044982199804e+07,-2.037153386745e+07,2.792048046431e+03,1.801555720096e+01,8.298899747317e+07
3.27600000e+04,-7.994715531631e+07,-2.036826619248e+07,2.793139390295e+03,1.829275401101e+01,8.250099610435e+07
3.29400000e+04,-7.944429106410e+07,-2.036494818124e+07,2.794243309783e+03,1.857486826092e+01,8.201296813207e+07
3.31200000e+04,-7.894122695837e+07,-2.036157893812e+07,2.795360021552e+03,1.886201705964e+01,8.152491430632e+07
3.33000000e+04,-7.843796067665e+07,-2.035815754609e+07,2.796489747181e+03,1.915432101599e+01,8.103683540998e+07
3.34800000e+04,-7.793448985610e+07,-2.035468306609e+07,2.797632713306e+03,1.945190436444e+01,8.054873226009e+07
3.36600000e+04,-7.743081209267e+07,-2.035115453638e+07,2.798789151760e+03,1.975489509605e+01,8.006060570920e+07
3.38400000e+04,-7.692692494007e+07,-2.034757097182e+07,2.799959299722e+03,2.006342509500e+01,7.957245664669e+07
3.40200000e+04,-7.642282590883e+07,-2.034393136316e+07,2.801143399865e+03,2.037763028082e+01,7.908428600027e+07
3.42000000e+04,-7.591851246529e+07,-2.034023467632e+07,2.802341700513e+03,2.069765075679e+01,7.859609473741e+07
3.43800000e+04,-7.541398203059e+07,-2.033647985163e+07,2.803554455802e+03,2.102363096463e+01,7.810788386696e+07
3.45600000e+04,-7.490923197955e+07,-2.033266580300e+07,2.804781925846e+03,2.135571984583e+01,7.761965444074e+07
3.47400000e+04,-7.440425963967e+07,-2.032879141710e+07,2.806024376909e+03,2.169407101004e+01,7.713140755522e+07
3.49200000e+04,-7.389906228991e+07,-2.032485555254e+07,2.807282081583e+03,2.203884291077e+01,7.664314435334e+07
3.51000000e+04,-7.339363715961e+07,-2.032085703896e+07,2.808555318969e+03,2.239019902879e+01,7.615486602631e+07
3.52800000e+04,-7.288798142727e+07,-2.031679467608e+07,2.809844374868e+03,2.274830806362e+01,7.566657381555e+07
3.54600000e+04,-7.238209221930e+07,-2.031266723280e+07,2.811149541978e+03,2.311334413351e+01,7.517826901470e+07
3.56400000e+04,-7.187596660882e+07,-2.030847344617e+07,2.812471120096e+03,2.348548698437e+01,7.468995297172e+07
3.58200000e+04,-7.136960161433e+07,-2.030421202033e+07,2.813809416325e+03,2.386492220804e+01,7.420162709109e+07
3.60000000e+04,-7.086299419835e+07,-2.029988162552e+07,2.815164745294e+03,2.425184147044e+01,7.371329283604e+07
3.61800000e+04,-7.035614126610e+07,-2.029548089689e+07,2.816537429377e+03,2.464644275006e+01,7.322495173104e+07
3.63600000e+04,-6.984903966404e+07,-2.029100843335e+07,2.817927798932e+03,2.504893058739e+01,7.273660536420e+07
3.65400000e+04,-6.934168617846e+07,-2.028646279642e+07,2.819336192531e+03,2.545951634574e+01,7.224825538994e+07
3.67200000e+04,-6.883407753390e+07,-2.028184250891e+07,2.820762957216e+03,2.587841848423e+01,7.175990353170e+07
3.69000000e+04,-6.832621039170e+07,-2.027714605367e+07,2.822208448748e+03,2.630586284333e+01,7.127155158478e+07
3.70800000e+04,-6.781808134833e+07,-2.027237187219e+07,2.823673031878e+03,2.674208294394e+01,7.078320141933e+07
3.72600000e+04,-6.730968693378e+07,-2.026751836324e+07,2.825157080616e+03,2.718732030036e+01,7.029485498350e+07
3.74400000e+04,-6.680102360987e+07,-2.026258388133e+07,2.826660978517e+03,2.764182474828e+01,6.980651430664e+07
3.76200000e+04,-6.629208776850e+07,-2.025756673527e+07,2.828185118976e+03,2.810585478821e+01,6.931818150277e+07
3.78000000e+04,-6.578287572983e+07,-2.025246518651e+07,2.829729905528e+03,2.857967794556e+01,6.882985877416e+07
3.79800000e+04,-6.527338374048e+07,-2.024727744750e+07,2.831295752162e+03,2.906357114797e+01,6.834154841501e+07
3.81600000e+04,-6.476360797156e+07,-2.024200168000e+07,2.832883083650e+03,2.955782112097e+01,6.785325281546e+07
3.83400000e+04,-6.425354451674e+07,-2.023663599320e+07,2.834492335880e+03,3.006272480303e+01,6.736497446563e+07
3.85200000e+04,-6.374318939020e+07,-2.023117844192e+07,2.836123956205e+03,3.057858978096e+01,6.687671595995e+07
3.87000000e+04,-6.323253852454e+07,-2.022562702462e+07,2.837778403803e+03,3.110573474686e+01,6.638848000169e+07
3.88800000e+04,-6.272158776860e+07,-2.021997968135e+07,2.839456150052e+03,3.164448997778e+01,6.590026940764e+07
3.90600000e+04,-6.221033288528e+07,-2.021423429164e+07,2.841157678912e+03,3.219519783948e+01,6.541208711312e+07
3.92400000e+04,-6.169876954916e+07,-2.020838867226e+07,2.842883487328e+03,3.275821331543e+01,6.492393617718e+07
3.94200000e+04,-6.118689334421e+07,-2.020244057490e+07,2.844634085640e+03,3.333390456285e+01,6.443581978802e+07
3.96000000e+04,-6.067469976128e+07,-2.019638768377e+07,2.846409998017e+03,3.392265349687e+01,6.394774126875e+07
3.97800000e+04,-6.016218419559e+07,-2.019022761303e+07,2.848211762891e+03,3.452485640492e+01,6.345970408341e+07
3.99600000e+04,-5.964934194414e+07,-2.018395790418e+07,2.850039933424e+03,3.514092459272e+01,6.297171184327e+07
4.01400000e+04,-5.913616820299e+07,-2.017757602329e+07,2.851895077976e+03,3.577128506394e+01,6.248376831348e+07
4.03200000e+04,-5.862265806449e+07,-2.017107935809e+07,2.853777780599e+03,3.641638123534e+01,6.199587742002e+07
4.05000000e+04,-5.810880651441e+07,-2.016446521496e+07,2.855688641544e+03,3.707667368975e+01,6.150804325705e+07
4.06800000e+04,-5.759460842898e+07,-2.015773081578e+07,2.857628277785e+03,3.775264096875e+01,6.102027009461e+07
4.08600000e+04,-5.708005857182e+07,-2.015087329461e+07,2.859597323565e+03,3.844478040778e+01,6.053256238670e+07
4.10400000e+04,-5.656515159082e+07,-2.014388969423e+07,2.861596430956e+03,3.915360901603e+01,6.004492477984e+07
4.12200000e+04,-5.604988201481e+07,-2.013677696252e+07,2.863626270441e+03,3.987966440389e+01,5.955736212199e+07
4.14000000e+04,-5.553424425025e+07,-2.012953194866e+07,2.865687531515e+03,4.062350576078e+01,5.906987947204e+07
4.15800000e+04,-5.501823257774e+07,-2.012215139918e+07,2.867780923305e+03,4.138571488652e+01,5.858248210972e+07
4.17600000e+04,-5.450184114840e+07,-2.011463195373e+07,2.869907175214e+03,4.216689727952e+01,5.809517554605e+07
4.19400000e+04,-5.398506398022e+07,-2.010697014078e+07,2.872067037582e+03,4.296768328521e+01,5.760796553443e+07
4.21200000e+04,-5.346789495415e+07,-2.009916237301e+07,2.874261282372e+03,4.378872930856e+01,5.712085808220e+07
4.23000000e+04,-5.295032781022e+07,-2.009120494249e+07,2.876490703878e+03,4.463071909467e+01,5.663385946293e+07
4.24800000e+04,-5.243235614341e+07,-2.008309401568e+07,2.878756119454e+03,4.549436508164e+01,5.614697622935e+07
4.26600000e+04,-5.191397339944e+07,-2.007482562808e+07,2.881058370263e+03,4.638040983037e+01,5.566021522696e+07
4.28400000e+04,-5.139517287042e+07,-2.006639567872e+07,2.883398322062e+03,4.728962753616e+01,5.517358360846e+07
4.30200000e+04,-5.087594769038e+07,-2.005779992433e+07,2.885776865993e+03,4.822282562725e+01,5.468708884889e+07
4.32000000e+04,-5.035629083055e+07,-2.004903397315e+07,2.888194919409e+03,4.918084645599e+01,5.420073876173e+07
4.33800000e+04,-4.983619509465e+07,-2.004009327855e+07,2.890653426727e+03,5.016456908856e+01,5.371454151581e+07
4.35600000e+04,-4.931565311389e+07,-2.003097313219e+07,2.893153360290e+03,5.117491119964e+01,5.322850565325e+07
4.37400000e+04,-4.879465734188e+07,-2.002166865696e+07,2.895695721269e+03,5.221283107883e+01,5.274264010836e+07
4.39200000e+04,-4.827320004936e+07,-2.001217479942e+07,2.898281540582e+03,5.327932975620e+01,5.225695422773e+07
4.41000000e+04,-4.775127331875e+07,-2.000248632193e+07,2.900911879832e+03,5.437545325477e+01,5.177145779134e+07
4.42800000e+04,-4.722886903854e+07,-1.999259779436e+07,2.903587832274e+03,5.550229497827e+01,5.128616103504e+07
4.44600000e+04,-4.670597889755e+07,-1.998250358530e+07,2.906310523803e+03,5.666099824325e+01,5.080107467429e+07
4.46400000e+04,-4.618259437887e+07,-1.997219785283e+07,2.909081113957e+03,5.785275896505e+01,5.031620992925e+07
4.48200000e+04,-4.565870675382e+07,-1.996167453487e+07,2.911900796950e+03,5.907882850802e+01,4.983157855149e+07
4.50000000e+04,-4.513430707552e+07,-1.995092733882e+07,2.914770802709e+03,6.034051671094e+01,4.934719285214e+07
4.51800000e+04,-4.460938617245e+07,-1.993994973085e+07,2.917692397939e+03,6.163919509952e+01,4.886306573192e+07
4.53600000e+04,-4.408393464165e+07,-1.992873492443e+07,2.920666887196e+03,6.297630029857e+01,4.837921071283e+07
4.55400000e+04,-4.355794284189e+07,-1.991727586832e+07,2.923695613967e+03,6.435333765749e+01,4.789564197185e+07
4.57200000e+04,-4.303140088650e+07,-1.990556523382e+07,2.926779961762e+03,6.577188510342e+01,4.741237437671e+07
4.59000000e+04,-4.250429863611e+07,-1.989359540140e+07,2.929921355206e+03,6.723359723779e+01,4.692942352390e+07
4.60800000e+04,-4.197662569113e+07,-1.988135844645e+07,2.933121261129e+03,6.874020969278e+01,4.644680577896e+07
4.62600000e+04,-4.144837138407e+07,-1.986884612432e+07,2.936381189646e+03,7.029354376551e+01,4.596453831937e+07
4.64400000e+04,-4.091952477162e+07,-1.985604985445e+07,2.939702695223e+03,7.189551134903e+01,4.548263918019e+07
4.66200000e+04,-4.039007462662e+07,-1.984296070359e+07,2.943087377721e+03,7.354812018052e+01,4.500112730243e+07
4.68000000e+04,-3.986000942976e+07,-1.982956936806e+07,2.946536883406e+03,7.525347942841e+01,4.452002258474e+07
4.69800000e+04,-3.932931736116e+07,-1.981586615494e+07,2.950052905914e+03,7.701380564181e+01,4.403934593820e+07
4.71600000e+04,-3.879798629175e+07,-1.980184096222e+07,2.953637187172e+03,7.883142908697e+01,4.355911934487e+07
4.73400000e+04,-3.826600377451e+07,-1.978748325769e+07,2.957291518232e+03,8.070880049746e+01,4.307936591996e+07
4.75200000e+04,-3.773335703554e+07,-1.977278205664e+07,2.961017740038e+03,8.264849826615e+01,4.260010997823e+07
4.77000000e+04,-3.720003296503e+07,-1.975772589817e+07,2.964817744080e+03,8.465323610935e+01,4.212137710468e+07
4.78800000e+04,-3.666601810812e+07,-1.974230282015e+07,2.968693472925e+03,8.672587123493e+01,4.164319422994e+07
4.80600000e+04,-3.613129865567e+07,-1.972650033256e+07,2.972646920598e+03,8.886941304856e+01,4.116558971074e+07
4.82400000e+04,-3.559586043493e+07,-1.971030538932e+07,2.976680132797e+03,9.108703243412e+01,4.068859341571e+07
4.84200000e+04,-3.505968890032e+07,-1.969370435831e+07,2.980795206883e+03,9.338207164645e+01,4.021223681704e+07
4.86000000e+04,-3.452276912407e+07,-1.967668298961e+07,2.984994291647e+03,9.575805485684e+01,3.973655308827e+07
4.87800000e+04,-3.398508578705e+07,-1.965922638171e+07,2.989279586776e+03,9.821869939360e+01,3.926157720882e+07
4.89600000e+04,-3.344662316966e+07,-1.964131894574e+07,2.993653341999e+03,1.007679277225e+02,3.878734607568e+07
4.91399999e+04,-3.290736514293e+07,-1.962294436734e+07,2.998117855851e+03,1.034098802136e+02,3.831389862272e+07
4.93199999e+04,-3.236729515989e+07,-1.960408556628e+07,3.002675473985e+03,1.061489287428e+02,3.784127594832e+07
4.94999999e+04,-3.182639624729e+07,-1.958472465347e+07,3.007328586987e+03,1.089896911799e+02,3.736952145179e+07
4.96799999e+04,-3.128465099770e+07,-1.956484288531e+07,3.012079627591e+03,1.119370468122e+02,3.689868097939e+07
4.98599999e+04,-3.074204156229e+07,-1.954442061519e+07,3.016931067230e+03,1.149961527608e+02,3.642880298046e+07
5.00399999e+04,-3.019854964417e+07,-1.952343724190e+07,3.021885411809e+03,1.181724614390e+02,3.595993867454e+07
5.02199999e+04,-2.965415649268e+07,-1.950187115484e+07,3.026945196593e+03,1.214717391109e+02,3.549214223026e+07
5.03999999e+04,-2.910884289862e+07,-1.947969967576e+07,3.032112980092e+03,1.249000855997e+02,3.502547095676e+07
5.05799999e+04,-2.856258919069e+07,-1.945689899689e+07,3.037391336782e+03,1.284639552001e+02,3.455998550870e+07
5.07599999e+04,-2.801537523340e+07,-1.943344411508e+07,3.042782848521e+03,1.321701788418e+02,3.409575010568e+07
5.09399999e+04,-2.746718042659e+07,-1.940930876203e+07,3.048290094473e+03,1.360259875484e+02,3.363283276715e+07
5.11199999e+04,-2.691798370697e+07,-1.938446532994e+07,3.053915639327e+03,1.400390372297e+02,3.317130556394e+07
5.12999999e+04,-2.636776355191e+07,-1.935888479280e+07,3.059662019602e+03,1.442174348356e+02,3.271124488745e+07
5.14799999e+04,-2.581649798592e+07,-1.933253662268e+07,3.065531727758e+03,1.485697658880e+02,3.225273173781e+07
5.16599999e+04,-2.526416459020e+07,-1.930538870101e+07,3.071527193854e+03,1.531051233939e+02,3.179585203213e+07
5.18399999e+04,-2.471074051571e+07,-1.927740722459e+07,3.077650764404e+03,1.578331381193e+02,3.134069693426e+07
5.20199999e+04,-2.415620250035e+07,-1.924855660588e+07,3.083904678100e+03,1.627640101817e+02,3.088736320738e+07
5.21999999e+04,-2.360052689081e+07,-1.921879936766e+07,3.090291037984e+03,1.679085418876e+02,3.043595359073e+07
5.23799999e+04,-2.304368966981e+07,-1.918809603152e+07,3.096811779646e+03,1.732781717007e+02,2.998657720193e+07
5.25599999e+04,-2.248566648942e+07,-1.915640500029e+07,3.103468634949e+03,1.788850091812e+02,2.953934996626e+07
5.27399999e+04,-2.192643271134e+07,-1.912368243399e+07,3.110263090754e+03,1.847418706791e+02,2.909439507433e+07
5.29199999e+04,-2.136596345519e+07,-1.908988211939e+07,3.117196342055e+03,1.908623154901e+02,2.865184346934e+07
5.30999999e+04,-2.080423365567e+07,-1.905495533299e+07,3.124269238889e+03,1.972606821056e+02,2.821183436531e+07
5.32799999e+04,-2.024121812996e+07,-1.901885069756e+07,3.131482226334e+03,2.039521240779e+02,2.777451579719e+07
5.34599999e+04,-1.967689165659e+07,-1.898151403221e+07,3.138835276842e+03,2.109526449100e+02,2.734004520394e+07
5.36399999e+04,-1.911122906724e+07,-1.894288819645e+07,3.146327814135e+03,2.182791312300e+02,2.690859004508e+07
5.38199999e+04,-1.854420535302e+07,-1.890291292840e+07,3.153958627829e+03,2.259493833459e+02,2.648032845097e+07
5.39999999e+04,-1.797579578707e+07,-1.886152467783e+07,3.161725777927e+03,2.339821420793e+02,2.605544990681e+07
5.41799999e+04,-1.740597606528e+07,-1.881865643485e+07,3.169626488313e+03,2.423971105501e+02,2.563415596937e+07
5.43599999e+04,-1.683472246729e+07,-1.877423755520e+07,3.177657028392e+03,2.512149693220e+02,2.521666101514e+07
5.45399999e+04,-1.626201203988e+07,-1.872819358359e+07,3.185812582051e+03,2.604573830199e+02,2.480319301745e+07
5.47199999e+04,-1.568782280515e+07,-1.868044607674e+07,3.194087103190e+03,2.701469961980e+02,2.439399434904e+07
5.48999999e+04,-1.511213399597e+07,-1.863091242835e+07,3.202473157232e+03,2.803074158569e+02,2.398932260532e+07
5.50799999e+04,-1.453492632127e+07,-1.857950569867e+07,3.210961748177e+03,2.909631776036e+02,2.358945144181e+07
5.52599999e+04,-1.395618226374e+07,-1.852613445178e+07,3.219542131096e+03,3.021396919998e+02,2.319467141746e+07
5.54399999e+04,-1.337588641259e+07,-1.847070260474e+07,3.228201610280e+03,3.138631671822e+02,2.280529083327e+07
5.56199999e+04,-1.279402583389e+07,-1.841310929306e+07,3.236925323834e+03,3.261605033584e+02,2.242163655298e+07
5.57999999e+04,-1.221059048078e+07,-1.835324875801e+07,3.245696016097e+03,3.390591543184e+02,2.204405478971e+07
5.59799999e+04,-1.162557364562e+07,-1.829101026232e+07,3.254493800120e+03,3.525869506749e+02,2.167291183886e+07
5.61599999e+04,-1.103897245553e+07,-1.822627804148e+07,3.263295913443e+03,3.667718791926e+02,2.130859473395e+07
5.63399999e+04,-1.045078841215e+07,-1.815893129919e+07,3.272076471604e+03,3.816418123493e+02,2.095151179787e+07
5.65199999e+04,-9.861027975578e+06,-1.808884425641e+07,3.280806225289e+03,3.972241822373e+02,2.060209305733e+07
5.66999999e+04,-9.269703191129e+06,-1.801588626453e+07,3.289452328662e+03,4.135455931539e+02,2.026079048392e+07
5.68799999e+04,-8.676832356087e+06,-1.793992199416e+07,3.297978128284e+03,4.306313678323e+02,1.992807802010e+07
5.70599999e+04,-8.082440721767e+06,-1.786081171195e+07,3.306342984074e+03,4.485050233241e+02,1.960445134398e+07
5.72399999e+04,-7.486561223919e+06,-1.777841165819e+07,3.314502135860e+03,4.671876741947e+02,1.929042732258e+07
5.74199999e+04,-6.889235231884e+06,-1.769257453845e+07,3.322406631162e+03,4.866973630155e+02,1.898654309975e+07
5.75999999e+04,-6.290513303941e+06,-1.760315014206e+07,3.330003331780e+03,5.070483212597e+02,1.869335476304e+07
5.77799999e+04,-5.690455932955e+06,-1.750998609936e+07,3.337235018254e+03,5.282501676776e+02,1.841143553352e+07
5.79599999e+04,-5.089134262910e+06,-1.741292878811e+07,3.344040612122e+03,5.503070560780e+02,1.814137342450e+07
5.81399999e+04,-4.486630753356e+06,-1.731182439643e+07,3.350355535789e+03,5.732167901041e+02,1.788376832103e+07
5.83199999e+04,-3.883039765291e+06,-1.720652014647e+07,3.356112228371e+03,5.969699289084e+02,1.763922844052e+07
5.84999999e+04,-3.278468038974e+06,-1.709686567750e+07,3.361240832809e+03,6.215489143049e+02,1.740836614877e+07
5.86799999e+04,-2.673035031834e+06,-1.698271458156e+07,3.365670064460e+03,6.469272565522e+02,1.719179312365e+07
5.88599999e+04,-2.066873083400e+06,-1.686392607706e+07,3.369328264228e+03,6.730688218057e+02,1.699011488203e+07
5.90399999e+04,-1.460127374463e+06,-1.674036679811e+07,3.372144629855e+03,6.999272687175e+02,1.680392471319e+07
5.92199999e+04,-8.529556498008e+05,-1.661191266797e+07,3.374050607689e+03,7.274456838257e+02,1.663379709367e+07
5.93999999e+04,-2.455276781284e+05,-1.647845081671e+07,3.374981414424e+03,7.555564644146e+02,1.648028069292e+07
5.95799999e+04,3.619755703605e+05,-1.633988149418e+07,3.374877644844e+03,7.841814927152e+02,1.634389111384e+07
5.97599999e+04,9.693630394182e+05,-1.619611992284e+07,3.373686908750e+03,8.132326361525e+02,1.622510354540e+07
5.99399999e+04,1.576434994420e+06,-1.604709802945e+07,3.371365429237e+03,8.426125947584e+02,1.612434553313e+07
6.01199999e+04,2.182984708637e+06,-1.589276599252e+07,3.367879526935e+03,8.722160992743e+02,1.604199009322e+07
6.02999999e+04,2.788800400535e+06,-1.573309354374e+07,3.363206912090e+03,9.019314428989e+02,1.597834940637e+07
6.04799999e+04,3.393667380689e+06,-1.556807096638e+07,3.357337709483e+03,9.316423076573e+02,1.593366932396e+07
6.06599999e+04,3.997370354113e+06,-1.539770974280e+07,3.350275150714e+03,9.612298250236e+02,1.590812490170e+07
6.08399999e+04,4.599695813391e+06,-1.522204281577e+07,3.342035884012e+03,9.905747919142e+02,1.590181714375e+07
6.10199999e+04,5.200434450796e+06,-1.504112444383e+07,3.332649872560e+03,1.019559949640e+03,1.591477109543e+07
6.11999999e+04,5.799383514522e+06,-1.485502964814e+07,3.322159876472e+03,1.048072226521e+03,1.594693536705e+07
6.13799999e+04,6.396349035542e+06,-1.466385326640e+07,3.310620538806e+03,1.076004845615e+03,1.599818310959e+07
6.15599999e+04,6.991147857468e+06,-1.446770864635e+07,3.298097119858e+03,1.103259207464e+03,1.606831439974e+07
6.17399999e+04,7.583609411624e+06,-1.426672602643e+07,3.284663944051e+03,1.129746473011e+03,1.615705993173e+07
6.19199999e+04,8.173577192526e+06,-1.406105066267e+07,3.270402638198e+03,1.155388792329e+03,1.626408586089e+07
6.20999999e+04,8.760909903937e+06,-1.385084076885e+07,3.255400247644e+03,1.180120148146e+03,1.638899960338e+07
6.22799999e+04,9.345482261406e+06,-1.363626534019e+07,3.239747317549e+03,1.203886807186e+03,1.653135636919e+07
6.24599999e+04,9.927185452485e+06,-1.341750193007e+07,3.223536020826e+03,1.226647394573e+03,1.669066619304e+07
6.26399999e+04,1.050592726957e+07,-1.319473444489e+07,3.206858403375e+03,1.248372625366e+03,1.686640122927e+07
6.28199999e+04,1.108163194178e+07,-1.296815101452e+07,3.189804802727e+03,1.269044741349e+03,1.705800309082e+07
6.29999999e+04,1.165423970090e+07,-1.273794198651e+07,3.172462479889e+03,1.288656710066e+03,1.726489003562e+07
6.31799999e+04,1.222370612208e+07,-1.250429808122e+07,3.154914487714e+03,1.307211246838e+03,1.748646383420e+07
6.33599999e+04,1.279000128292e+07,-1.226740873450e+07,3.137238783870e+03,1.324719719728e+03,1.772211618650e+07
6.35399999e+04,1.335310878456e+07,-1.202746064373e+07,3.119507583406e+03,1.341200993058e+03,1.797123459034e+07
6.37199999e+04,1.391302467665e+07,-1.178463652383e+07,3.101786935670e+03,1.356680258175e+03,1.823320759816e+07
6.38999999e+04,1.446975632488e+07,-1.153911407186e+07,3.084136502912e+03,1.371187891818e+03,1.850742942864e+07
6.40799999e+04,1.502332125459e+07,-1.129106513212e+07,3.066609513465e+03,1.384758373501e+03,1.879330392629e+07
6.42599999e+04,1.557374599961e+07,-1.104065504912e+07,3.049252860270e+03,1.397429284647e+03,1.909024788353e+07
6.44399999e+04,1.612106497969e+07,-1.078804219215e+07,3.032107315518e+03,1.409240404213e+03,1.939769375631e+07
6.46199999e+04,1.666531942491e+07,-1.053337763329e+07,3.015207833667e+03,1.420232908717e+03,1.971509181618e+07
6.47999999e+04,1.720655636062e+07,-1.027680495988e+07,2.998583917615e+03,1.430448678853e+03,2.004191178967e+07
6.49799999e+04,1.774482766242e+07,-1.001846020229e+07,2.982260025933e+03,1.439929710563e+03,2.037764403963e+07
6.51599999e+04,1.828018918657e+07,-9.758471858676e+06,2.966256002507e+03,1.448717625156e+03,2.072180034506e+07
6.53399999e+04,1.881269997870e+07,-9.496960999627e+06,2.950587513291e+03,1.456853270930e+03,2.107391433434e+07
6.55199999e+04,1.934242156074e+07,-9.234041436850e+06,2.935266478120e+03,1.464376407427e+03,2.143354162486e+07
6.56999999e+04,1.986941729455e+07,-8.969819942019e+06,2.920301488429e+03,1.471325462872e+03,2.180025971778e+07
6.58799999e+04,2.039375181880e+07,-8.704396503399e+06,2.905698204256e+03,1.477737355266e+03,2.217366769267e+07
6.60599999e+04,2.091549055528e+07,-8.437864609632e+06,2.891459726062e+03,1.483647367926e+03,2.255338574191e+07
6.62399999e+04,2.143469927948e+07,-8.170311551689e+06,2.877586938658e+03,1.489089070865e+03,2.293905458003e+07
6.64199999e+04,2.195144375059e+07,-7.901818735431e+06,2.864078825915e+03,1.494094280133e+03,2.333033475829e+07
6.65999999e+04,2.246578939543e+07,-7.632461998621e+06,2.850932756068e+03,1.498693048068e+03,2.372690591081e+07
6.67799999e+04,2.297780104112e+07,-7.362311927368e+06,2.838144738175e+03,1.502913678273e+03,2.412846595418e+07
6.69599999e+04,2.348754269147e+07,-7.091434168067e+06,2.825709650937e+03,1.506782759936e+03,2.453473025888e+07
6.71399999e+04,2.399507734211e+07,-6.819889731765e+06,2.813621445435e+03,1.510325216926e+03,2.494543080770e+07
6.73199999e+04,2.450046682995e+07,-6.547735288655e+06,2.801873323609e+03,1.513564367798e+03,2.536031535336e+07
6.74999999e+04,2.500377171266e+07,-6.275023451036e+06,2.790457894428e+03,1.516521993490e+03,2.577914658515e+07
6.76799999e+04,2.550505117454e+07,-6.001803043593e+06,2.779367309737e+03,1.519218410089e+03,2.620170131213e+07
6.78599999e+04,2.600436295498e+07,-5.728119360286e+06,2.768593381752e+03,1.521672544503e+03,2.662776966893e+07
6.80399999e+04,2.650176329671e+07,-5.454014407497e+06,2.758127684085e+03,1.523902011344e+03,2.705715434823e+07
6.82199999e+04,2.699730691082e+07,-5.179527133319e+06,2.747961638100e+03,1.525923189674e+03,2.748966986331e+07
6.83999999e+04,2.749104695612e+07,-4.904693643134e+06,2.738086586267e+03,1.527751298556e+03,2.792514184239e+07
6.85799999e+04,2.798303503071e+07,-4.629547401754e+06,2.728493854054e+03,1.529400470655e+03,2.836340635631e+07
6.87599999e+04,2.847332117368e+07,-4.354119422539e+06,2.719174801762e+03,1.530883823277e+03,2.880430927984e+07
6.89399999e+04,2.896195387539e+07,-4.078438443983e+06,2.710120867572e+03,1.532213526464e+03,2.924770568675e+07
6.91199999e+04,2.944898009482e+07,-3.802531094336e+06,2.701323602950e+03,1.533400867876e+03,2.969345927822e+07
6.92999999e+04,2.993444528258e+07,-3.526422044844e+06,2.692774701428e+03,1.534456314289e+03,3.014144184380e+07
6.94799999e+04,3.041839340870e+07,-3.250134152234e+06,2.684466021667e+03,1.535389569650e+03,3.059153275401e+07
6.96599999e+04,3.090086699400e+07,-2.973688591053e+06,2.676389605603e+03,1.536209629691e+03,3.104361848349e+07
6.98399999e+04,3.138190714443e+07,-2.697104976491e+06,2.668537692390e+03,1.536924833130e+03,3.149759216319e+07
7.00199999e+04,3.186155358755e+07,-2.420401478284e+06,2.660902728748e+03,1.537542909573e+03,3.195335316066e+07
7.01999999e+04,3.233984471054e+07,-2.143594926282e+06,2.653477376261e+03,1.538071024212e+03,3.241080668663e+07
7.03799999e+04,3.281681759942e+07,-1.866700908250e+06,2.646254516107e+03,1.538515819464e+03,3.286986342678e+07
7.05599999e+04,3.329250807876e+07,-1.589733860447e+06,2.639227251616e+03,1.538883453692e+03,3.333043919724e+07
7.07399999e+04,3.376695075180e+07,-1.312707151469e+06,2.632388909016e+03,1.539179637174e+03,3.379245462238e+07
7.09199999e+04,3.424017904053e+07,-1.035633159872e+06,2.625733036688e+03,1.539409665458e+03,3.425583483360e+07
7.10999999e+04,3.471222522547e+07,-7.585233460008e+05,2.619253403171e+03,1.539578450291e+03,3.472050918788e+07
7.12799999e+04,3.518312048511e+07,-4.813883184638e+05,2.612943994160e+03,1.539690548243e+03,3.518641100485e+07
7.14599999e+04,3.565289493459e+07,-2.042378956507e+05,2.606799008698e+03,1.539750187204e+03,3.565347732107e+07
7.16399999e+04,3.612157766378e+07,7.291883734037e+04,2.600812854708e+03,1.539761290890e+03,3.612164866063e+07
7.18199999e+04,3.658919677440e+07,3.500734760170e+05,2.594980144026e+03,1.539727501496e+03,3.659086882078e+07
7.19999999e+04,3.705577941623e+07,6.272182477271e+05,2.589295687049e+03,1.539652200628e+03,3.706108467175e+07
7.21799999e+04,3.752135182240e+07,9.043459665175e+05,2.583754487102e+03,1.539538528651e+03,3.753224596971e+07
7.23599999e+04,3.798593934354e+07,1.181449991339e+06,2.578351734602e+03,1.539389402546e+03,3.800430518209e+07
7.25399999e+04,3.844956648098e+07,1.458524187341e+06,2.573082801107e+03,1.539207532419e+03,3.847721732431e+07
7.27199999e+04,3.891225691875e+07,1.735562890028e+06,2.567943233298e+03,1.538995436737e+03,3.895093980721e+07
7.28999999e+04,3.937403355460e+07,2.012560872042e+06,2.562928746944e+03,1.538755456403e+03,3.942543229444e+07
7.30799999e+04,3.983491852991e+07,2.289513312392e+06,2.558035220905e+03,1.538489767751e+03,3.990065656914e+07
7.32599999e+04,4.029493325844e+07,2.566415767921e+06,2.553258691189e+03,1.538200394560e+03,4.037657640927e+07
7.34399999e+04,4.075409845418e+07,2.843264146862e+06,2.548595345103e+03,1.537889219134e+03,4.085315747094e+07
7.36199999e+04,4.121243415800e+07,3.120054684305e+06,2.544041515515e+03,1.537557992557e+03,4.133036717927e+07
7.37999999e+04,4.166995976336e+07,3.396783919439e+06,2.539593675247e+03,1.537208344152e+03,4.180817462629e+07
7.39799999e+04,4.212669404102e+07,3.673448674437e+06,2.535248431610e+03,1.536841790241e+03,4.228655047525e+07
7.41599999e+04,4.258265516277e+07,3.950046034849e+06,2.531002521090e+03,1.536459742226e+03,4.276546687103e+07
7.43399999e+04,4.303786072419e+07,4.226573331400e+06,2.526852804199e+03,1.536063514069e+03,4.324489735628e+07
7.45199999e+04,4.349232776656e+07,4.503028123083e+06,2.522796260485e+03,1.535654329216e+03,4.372481679271e+07
7.46999999e+04,4.394607279778e+07,4.779408181446e+06,2.518829983716e+03,1.535233326990e+03,4.420520128732e+07
7.48799999e+04,4.439911181262e+07,5.055711475996e+06,2.514951177228e+03,1.534801568518e+03,4.468602812330e+07
7.50599999e+04,4.485146031194e+07,5.331936160615e+06,2.511157149446e+03,1.534360042209e+03,4.516727569507e+07
7.52399999e+04,4.530313332126e+07,5.608080560939e+06,2.507445309570e+03,1.533909668835e+03,4.564892344740e+07
7.54199999e+04,4.575414540850e+07,5.884143162613e+06,2.503813163428e+03,1.533451306234e+03,4.613095181821e+07
7.55999999e+04,4.620451070104e+07,6.160122600356e+06,2.500258309495e+03,1.532985753661e+03,4.661334218484e+07
7.57799999e+04,4.665424290203e+07,6.436017647786e+06,2.496778435062e+03,1.532513755833e+03,4.709607681355e+07
7.59599999e+04,4.710335530606e+07,6.711827207945e+06,2.493371312573e+03,1.532036006672e+03,4.757913881209e+07
7.61399999e+04,4.755186081414e+07,6.987550304472e+06,2.490034796102e+03,1.531553152776e+03,4.806251208509e+07
7.63199999e+04,4.799977194811e+07,7.263186073377e+06,2.486766817982e+03,1.531065796645e+03,4.854618129202e+07
7.64999999e+04,4.844710086444e+07,7.538733755379e+06,2.483565385578e+03,1.530574499669e+03,4.903013180773e+07
7.66799999e+04,4.889385936745e+07,7.814192688756e+06,2.480428578191e+03,1.530079784909e+03,4.951434968525e+07
7.68599999e+04,4.934005892196e+07,8.089562302681e+06,2.477354544099e+03,1.529582139673e+03,4.999882162070e+07
7.70399999e+04,4.978571066551e+07,8.364842111008e+06,2.474341497725e+03,1.529082017913e+03,5.048353492038e+07
7.72199999e+04,5.023082541994e+07,8.640031706466e+06,2.471387716924e+03,1.528579842458e+03,5.096847746955e+07
7.73999999e+04,5.067541370266e+07,8.915130755253e+06,2.468491540393e+03,1.528076007078e+03,5.145363770318e+07
7.75799999e+04,5.111948573732e+07,9.190138991972e+06,2.465651365188e+03,1.527570878415e+03,5.193900457823e+07
7.77599999e+04,5.156305146410e+07,9.465056214917e+06,2.462865644355e+03,1.527064797774e+03,5.242456754755e+07
7.79399999e+04,5.200612054961e+07,9.739882281661e+06,2.460132884661e+03,1.526558082795e+03,5.291031653525e+07
7.81199999e+04,5.244870239636e+07,1.001461710494e+07,2.457451644427e+03,1.526051029000e+03,5.339624191340e+07
7.82999999e+04,5.289080615180e+07,1.028926064881e+07,2.454820531454e+03,1.525543911246e+03,5.388233448004e+07
7.84799999e+04,5.333244071715e+07,1.056381292503e+07,2.452238201037e+03,1.525036985069e+03,5.436858543842e+07
7.86599999e+04,5.377361475566e+07,1.083827398972e+07,2.449703354079e+03,1.524530487944e+03,5.485498637736e+07
7.88399999e+04,5.421433670073e+07,1.111264394020e+07,2.447214735268e+03,1.524024640453e+03,5.534152925265e+07
7.90199999e+04,5.465461476363e+07,1.138692291208e+07,2.444771131352e+03,1.523519647379e+03,5.582820636949e+07
7.91999999e+04,5.509445694089e+07,1.166111107646e+07,2.442371369478e+03,1.523015698727e+03,5.631501036585e+07
7.93799999e+04,5.553387102143e+07,1.193520863739e+07,2.440014315610e+03,1.522512970672e+03,5.680193419676e+07
7.95599999e+04,5.597286459345e+07,1.220921582945e+07,2.437698873011e+03,1.522011626448e+03,5.728897111933e+07
7.97399999e+04,5.641144505096e+07,1.248313291553e+07,2.435423980796e+03,1.521511817180e+03,5.777611467870e+07
7.99199999e+04,5.684961960016e+07,1.275696018464e+07,2.433188612543e+03,1.521013682652e+03,5.826335869461e+07
8.00999999e+04,5.728739526547e+07,1.303069795004e+07,2.430991774971e+03,1.520517352039e+03,5.875069724871e+07
8.02800000e+04,5.772477889542e+07,1.330434654728e+07,2.428832506662e+03,1.520022944576e+03,5.923812467256e+07
8.04600000e+04,5.816177716826e+07,1.357790633258e+07,2.426709876858e+03,1.519530570195e+03,5.972563553617e+07
8.06400000e+04,5.859839659737e+07,1.385137768112e+07,2.424622984290e+03,1.519040330114e+03,6.021322463719e+07
8.08200000e+04,5.903464353648e+07,1.412476098557e+07,2.422570956068e+03,1.518552317391e+03,6.070088699063e+07
8.10000000e+04,5.947052418467e+07,1.439805665465e+07,2.420552946618e+03,1.518066617441e+03,6.118861781910e+07
8.11800000e+04,5.990604459118e+07,1.467126511180e+07,2.418568136657e+03,1.517583308523e+03,6.167641254352e+07
8.13600000e+04,6.034121066011e+07,1.494438679396e+07,2.416615732224e+03,1.517102462188e+03,6.216426677432e+07
8.15400000e+04,6.077602815483e+07,1.521742215035e+07,2.414694963737e+03,1.516624143710e+03,6.265217630306e+07
8.17200000e+04,6.121050270231e+07,1.549037164142e+07,2.412805085100e+03,1.516148412479e+03,6.314013709448e+07
8.19000000e+04,6.164463979728e+07,1.576323573780e+07,2.410945372848e+03,1.515675322376e+03,6.362814527891e+07
8.20800000e+04,6.207844480622e+07,1.603601491935e+07,2.409115125318e+03,1.515204922121e+03,6.411619714510e+07
8.22600000e+04,6.251192297122e+07,1.630870967426e+07,2.407313661862e+03,1.514737255601e+03,6.460428913331e+07
8.24400000e+04,6.294507941366e+07,1.658132049823e+07,2.405540322096e+03,1.514272362178e+03,6.509241782886e+07
8.26200000e+04,6.337791913786e+07,1.685384789361e+07,2.403794465169e+03,1.513810276974e+03,6.558057995584e+07
8.28000000e+04,6.381044703447e+07,1.712629236877e+07,2.402075469070e+03,1.513351031143e+03,6.606877237128e+07
8.29800000e+04,6.424266788382e+07,1.739865443730e+07,2.400382729962e+03,1.512894652122e+03,6.655699205944e+07
8.31600000e+04,6.467458635914e+07,1.767093461744e+07,2.398715661542e+03,1.512441163872e+03,6.704523612648e+07
8.33400000e+04,6.510620702967e+07,1.794313343144e+07,2.397073694427e+03,1.511990587099e+03,6.753350179534e+07
8.35200000e+04,6.553753436363e+07,1.821525140500e+07,2.395456275566e+03,1.511542939460e+03,6.802178640083e+07
8.37000000e+04,6.596857273111e+07,1.848728906673e+07,2.393862867671e+03,1.511098235765e+03,6.851008738504e+07
8.38800000e+04,6.639932640688e+07,1.875924694768e+07,2.392292948681e+03,1.510656488160e+03,6.899840229281e+07
8.40600000e+04,6.682979957306e+07,1.903112558086e+07,2.390746011231e+03,1.510217706296e+03,6.948672876759e+07
8.42400000e+04,6.725999632173e+07,1.930292550078e+07,2.389221562162e+03,1.509781897498e+03,6.997506454734e+07
8.44200000e+04,6.768992065746e+07,1.957464724309e+07,2.387719122032e+03,1.509349066911e+03,7.046340746065e+07
8.46000000e+04,6.811957649970e+07,1.984629134418e+07,2.386238224657e+03,1.508919217651e+03,7.095175542313e+07
8.47800000e+04,6.854896768515e+07,2.011785834083e+07,2.384778416668e+03,1.508492350934e+03,7.144010643383e+07
8.49600000e+04,6.897809797003e+07,2.038934876986e+07,2.383339257080e+03,1.508068466204e+03,7.192845857189e+07
8.51400000e+04,6.940697103226e+07,2.066076316787e+07,2.381920316886e+03,1.507647561255e+03,7.241680999333e+07
8.53200000e+04,6.983559047361e+07,2.093210207090e+07,2.380521178662e+03,1.507229632340e+03,7.290515892799e+07
8.55000000e+04,7.026395982170e+07,2.120336601419e+07,2.379141436184e+03,1.506814674276e+03,7.339350367656e+07
8.56800000e+04,7.069208253201e+07,2.147455553192e+07,2.377780694064e+03,1.506402680547e+03,7.388184260782e+07
8.58600000e+04,7.111996198983e+07,2.174567115699e+07,2.376438567403e+03,1.505993643390e+03,7.437017415591e+07
8.60400000e+04,7.154760151204e+07,2.201671342080e+07,2.375114681448e+03,1.505587553891e+03,7.485849681777e+07
8.62200000e+04,7.197500434900e+07,2.228768285306e+07,2.373808671266e+03,1.505184402061e+03,7.534680915070e+07
8.64000000e+04,7.240217368620e+07,2.255857998155e+07,2.372520181437e+03,1.504784176913e+03,7.583510977000e+07
8.65800000e+04,7.282911264602e+07,2.282940533203e+07,2.371248865745e+03,1.504386866541e+03,7.632339734669e+07
8.67600000e+04,7.325582428933e+07,2.310015942802e+07,2.369994386894e+03,1.503992458182e+03,7.681167060540e+07
8.69400000e+04,7.368231161703e+07,2.337084279068e+07,2.368756416222e+03,1.503600938282e+03,7.729992832224e+07
8.71200000e+04,7.410857757165e+07,2.364145593865e+07,2.367534633437e+03,1.503212292558e+03,7.778816932289e+07
8.73000000e+04,7.453462503880e+07,2.391199938794e+07,2.366328726353e+03,1.502826506056e+03,7.827639248066e+07
8.74800000e+04,7.496045684860e+07,2.418247365183e+07,2.365138390645e+03,1.502443563198e+03,7.876459671466e+07
8.76600000e+04,7.538607577708e+07,2.445287924073e+07,2.363963329599e+03,1.502063447841e+03,7.925278098812e+07
8.78400000e+04,7.581148454753e+07,2.472321666208e+07,2.362803253890e+03,1.501686143318e+03,7.974094430663e+07
8.80200000e+04,7.623668583181e+07,2.499348642032e+07,2.361657881348e+03,1.501311632484e+03,8.022908571662e+07
8.82000000e+04,7.666168225162e+07,2.526368901672e+07,2.360526936748e+03,1.500939897760e+03,8.071720430379e+07
8.83800000e+04,7.708647637972e+07,2.553382494937e+07,2.359410151600e+03,1.500570921169e+03,8.120529919161e+07
8.85600000e+04,7.751107074114e+07,2.580389471310e+07,2.358307263944e+03,1.500204684375e+03,8.169336953995e+07
8.87400000e+04,7.793546781434e+07,2.607389879938e+07,2.357218018161e+03,1.499841168718e+03,8.218141454371e+07
8.89200000e+04,7.835967003229e+07,2.634383769633e+07,2.356142164782e+03,1.499480355245e+03,8.266943343149e+07
8.91000000e+04,7.878367978365e+07,2.661371188861e+07,2.355079460308e+03,1.499122224741e+03,8.315742546438e+07
8.92800000e+04,7.920749941372e+07,2.688352185740e+07,2.354029667035e+03,1.498766757760e+03,8.364538993474e+07
8.94600000e+04,7.963113122556e+07,2.715326808039e+07,2.352992552884e+03,1.498413934649e+03,8.413332616503e+07
8.96400000e+04,8.005457748093e+07,2.742295103167e+07,2.351967891242e+03,1.498063735575e+03,8.462123350674e+07
8.98200000e+04,8.047784040129e+07,2.769257118179e+07,2.350955460800e+03,1.497716140548e+03,8.510911133928e+07
9.00000000e+04,8.090092216872e+07,2.796212899765e+07,2.349955045401e+03,1.497371129445e+03,8.559695906902e+07
9.01800000e+04,8.132382492685e+07,2.823162494255e+07,2.348966433897e+03,1.497028682029e+03,8.608477612824e+07
9.03600000e+04,8.174655078175e+07,2.850105947612e+07,2.347989420003e+03,1.496688777971e+03,8.657256197422e+07
9.05400000e+04,8.216910180278e+07,2.877043305434e+07,2.347023802161e+03,1.496351396865e+03,8.706031608834e+07
9.07200000e+04,8.259148002342e+07,2.903974612948e+07,2.346069383407e+03,1.496016518249e+03,8.754803797519e+07
9.09000000e+04,8.301368744214e+07,2.930899915016e+07,2.345125971244e+03,1.495684121618e+03,8.803572716174e+07
9.10800000e+04,8.343572602311e+07,2.957819256128e+07,2.344193377514e+03,1.495354186443e+03,8.852338319651e+07
9.12600000e+04,8.385759769703e+07,2.984732680406e+07,2.343271418281e+03,1.495026692181e+03,8.901100564884e+07
9.14400000e+04,8.427930436188e+07,3.011640231601e+07,2.342359913716e+03,1.494701618291e+03,8.949859410810e+07
9.16200000e+04,8.470084788360e+07,3.038541953096e+07,2.341458687981e+03,1.494378944247e+03,8.998614818299e+07
9.18000000e+04,8.512223009685e+07,3.065437887902e+07,2.340567569120e+03,1.494058649545e+03,9.047366750084e+07
9.19800000e+04,8.554345280568e+07,3.092328078665e+07,2.339686388958e+03,1.493740713719e+03,9.096115170695e+07
9.21600000e+04,8.596451778419e+07,3.119212567659e+07,2.338814982995e+03,1.493425116352e+03,9.144860046396e+07
9.23400000e+04,8.638542677721e+07,3.146091396793e+07,2.337953190310e+03,1.493111837077e+03,9.193601345120e+07
9.25200000e+04,8.680618150091e+07,3.172964607611e+07,2.337100853460e+03,1.492800855597e+03,9.242339036414e+07
9.27000000e+04,8.722678364341e+07,3.199832241291e+07,2.336257818396e+03,1.492492151684e+03,9.291073091377e+07
9.28800000e+04,8.764723486542e+07,3.226694338647e+07,2.335423934366e+03,1.492185705193e+03,9.339803482610e+07
9.30600000e+04,8.806753680081e+07,3.253550940133e+07,2.334599053831e+03,1.491881496064e+03,9.388530184157e+07
9.32400000e+04,8.848769105716e+07,3.280402085840e+07,2.333783032380e+03,1.491579504332e+03,9.437253171461e+07
9.34200000e+04,8.890769921634e+07,3.307247815504e+07,2.332975728651e+03,1.491279710132e+03,9.485972421306e+07
9.36000000e+04,8.932756283503e+07,3.334088168501e+07,2.332177004246e+03,1.490982093705e+03,9.534687911780e+07
9.37800000e+04,8.974728344528e+07,3.360923183856e+07,2.331386723660e+03,1.490686635403e+03,9.583399622218e+07
9.39600000e+04,9.016686255500e+07,3.387752900237e+07,2.330604754207e+03,1.490393315693e+03,9.632107533167e+07
9.41400000e+04,9.058630164844e+07,3.414577355965e+07,2.329830965941e+03,1.490102115162e+03,9.680811626339e+07
9.43200000e+04,9.100560218673e+07,3.441396589011e+07,2.329065231595e+03,1.489813014521e+03,9.729511884570e+07
9.45000000e+04,9.142476560833e+07,3.468210637001e+07,2.328307426505e+03,1.489525994611e+03,9.778208291782e+07
9.46800000e+04,9.184379332945e+07,3.495019537216e+07,2.327557428550e+03,1.489241036400e+03,9.826900832945e+07
9.48600000e+04,9.226268674459e+07,3.521823326596e+07,2.326815118088e+03,1.488958120995e+03,9.875589494037e+07
9.50400000e+04,9.268144722691e+07,3.548622041744e+07,2.326080377888e+03,1.488677229636e+03,9.924274262014e+07
9.52200000e+04,9.310007612868e+07,3.575415718924e+07,2.325353093079e+03,1.488398343706e+03,9.972955124769e+07
9.54000000e+04,9.351857478171e+07,3.602204394067e+07,2.324633151083e+03,1.488121444729e+03,1.002163207111e+08
9.55800000e+04,9.393694449774e+07,3.628988102773e+07,2.323920441565e+03,1.487846514371e+03,1.007030509070e+08
9.57600000e+04,9.435518656884e+07,3.655766880314e+07,2.323214856373e+03,1.487573534446e+03,1.011897417409e+08
9.59400000e+04,9.477330226783e+07,3.682540761635e+07,2.322516289489e+03,1.487302486916e+03,1.016763931259e+08
9.61200000e+04,9.519129284861e+07,3.709309781357e+07,2.321824636975e+03,1.487033353890e+03,1.021630049834e+08
9.63000000e+04,9.560915954657e+07,3.736073973782e+07,2.321139796921e+03,1.486766117629e+03,1.026495772423e+08
9.64800000e+04,9.602690357893e+07,3.762833372894e+07,2.320461669399e+03,1.486500760543e+03,1.031361098387e+08
9.66600000e+04,9.644452614510e+07,3.789588012359e+07,2.319790156414e+03,1.486237265196e+03,1.036226027158e+08
9.68400000e+04,9.686202842701e+07,3.816337925534e+07,2.319125161859e+03,1.485975614305e+03,1.041090558236e+08
9.70200000e+04,9.727941158947e+07,3.843083145464e+07,2.318466591468e+03,1.485715790740e+03,1.045954691190e+08
9.72000000e+04,9.769667678049e+07,3.869823704888e+07,2.317814352775e+03,1.485457777524e+03,1.050818425647e+08
9.73800000e+04,9.811382513158e+07,3.896559636241e+07,2.317168355069e+03,1.485201557835e+03,1.055681761299e+08
9.75600000e+04,9.853085775807e+07,3.923290971657e+07,2.316528509356e+03,1.484947115006e+03,1.060544697896e+08
9.77400000e+04,9.894777575946e+07,3.950017742969e+07,2.315894728315e+03,1.484694432525e+03,1.065407235245e+08
9.79200000e+04,9.936458021963e+07,3.976739981717e+07,2.315266926262e+03,1.484443494033e+03,1.070269373208e+08
9.81000000e+04,9.978127220723e+07,4.003457719146e+07,2.314645019112e+03,1.484194283327e+03,1.075131111699e+08
9.82800000e+04,1.001978527759e+08,4.030170986212e+07,2.314028924341e+03,1.483946784358e+03,1.079992450685e+08
9.84600000e+04,1.006143229645e+08,4.056879813583e+07,2.313418560950e+03,1.483700981229e+03,1.084853390181e+08
9.86400000e+04,1.010306837975e+08,4.083584231641e+07,2.312813849431e+03,1.483456858201e+03,1.089713930250e+08
9.88200000e+04,1.014469362853e+08,4.110284270489e+07,2.312214711734e+03,1.483214399685e+03,1.094574070999e+08
9.90000000e+04,1.018630814242e+08,4.136979959949e+07,2.311621071231e+03,1.482973590245e+03,1.099433812582e+08
9.91800000e+04,1.022791201969e+08,4.163671329565e+07,2.311032852688e+03,1.482734414599e+03,1.104293155194e+08
9.93600000e+04,1.026950535726e+08,4.190358408610e+07,2.310449982229e+03,1.482496857614e+03,1.109152099072e+08
9.95400000e+04,1.031108825076e+08,4.217041226085e+07,2.309872387309e+03,1.482260904311e+03,1.114010644490e+08
9.97200000e+04,1.035266079449e+08,4.243719810722e+07,2.309299996685e+03,1.482026539859e+03,1.118868791764e+08
9.99000000e+04,1.039422308150e+08,4.270394190988e+07,2.308732740384e+03,1.481793749576e+03,1.123726541243e+08
1.00080000e+05,1.043577520359e+08,4.297064395087e+07,2.308170549676e+03,1.481562518930e+03,1.128583893313e+08
1.00260000e+05,1.047731725133e+08,4.323730450964e+07,2.307613357050e+03,1.481332833536e+03,1.133440848396e+08
1.00440000e+05,1.051884931409e+08,4.350392386304e+07,2.307061096182e+03,1.481104679156e+03,1.138297406942e+08
1.00620000e+05,1.056037148005e+08,4.377050228538e+07,2.306513701912e+03,1.480878041698e+03,1.143153569438e+08
1.00800000e+05,1.060188383623e+08,4.403704004845e+07,2.305971110219e+03,1.480652907214e+03,1.148009336398e+08
1.00980000e+05,1.064338646851e+08,4.430353742155e+07,2.305433258196e+03,1.480429261900e+03,1.152864708365e+08
1.01160000e+05,1.068487946164e+08,4.456999467149e+07,2.304900084025e+03,1.480207092096e+03,1.157719685913e+08
1.01340000e+05,1.072636289929e+08,4.483641206264e+07,2.304371526956e+03,1.479986384282e+03,1.162574269641e+08
1.01520000e+05,1.076783686401e+08,4.510278985697e+07,2.303847527280e+03,1.479767125079e+03,1.167428460174e+08
1.01700000e+05,1.080930143732e+08,4.536912831401e+07,2.303328026313e+03,1.479549301249e+03,1.172282258164e+08
1.01880000e+05,1.085075669966e+08,4.563542769097e+07,2.302812966367e+03,1.479332899690e+03,1.177135664284e+08
1.02060000e+05,1.089220273046e+08,4.590168824268e+07,2.302302290736e+03,1.479117907440e+03,1.181988679233e+08
1.02240000e+05,1.093363960815e+08,4.616791022165e+07,2.301795943670e+03,1.478904311670e+03,1.186841303731e+08
1.02420000e+05,1.097506741013e+08,4.643409387812e+07,2.301293870358e+03,1.478692099689e+03,1.191693538520e+08
1.02600000e+05,1.101648621285e+08,4.670023946002e+07,2.300796016909e+03,1.478481258936e+03,1.196545384362e+08
1.02780000e+05,1.105789609179e+08,4.696634721307e+07,2.300302330328e+03,1.478271776987e+03,1.201396842039e+08
1.02960000e+05,1.109929712148e+08,4.723241738074e+07,2.299812758504e+03,1.478063641545e+03,1.206247912353e+08
1.03140000e+05,1.114068937552e+08,4.749845020430e+07,2.299327250187e+03,1.477856840447e+03,1.211098596122e+08
1.03320000e+05,1.118207292661e+08,4.776444592284e+07,2.298845754975e+03,1.477651361655e+03,1.215948894183e+08
1.03500000e+05,1.122344784653e+08,4.803040477332e+07,2.298368223289e+03,1.477447193262e+03,1.220798807389e+08
1.03680000e+05,1.126481420618e+08,4.829632699054e+07,2.297894606364e+03,1.477244323486e+03,1.225648336611e+08
1.03860000e+05,1.130617207561e+08,4.856221280720e+07,2.297424856231e+03,1.477042740670e+03,1.230497482732e+08
1.04040000e+05,1.134752152397e+08,4.882806245391e+07,2.296958925695e+03,1.476842433281e+03,1.235346246653e+08
1.04220000e+05,1.138886261962e+08,4.909387615922e+07,2.296496768329e+03,1.476643389909e+03,1.240194629286e+08
1.04400000e+05,1.143019543004e+08,4.935965414963e+07,2.296038338449e+03,1.476445599266e+03,1.245042631561e+08
1.04580000e+05,1.147152002194e+08,4.962539664964e+07,2.295583591106e+03,1.476249050184e+03,1.249890254415e+08
1.04760000e+05,1.151283646120e+08,4.989110388173e+07,2.295132482069e+03,1.476053731613e+03,1.254737498803e+08
1.04940000e+05,1.155414481291e+08,5.015677606639e+07,2.294684967811e+03,1.475859632621e+03,1.259584365687e+08
1.05120000e+05,1.159544514140e+08,5.042241342219e+07,2.294241005493e+03,1.475666742395e+03,1.264430856044e+08
1.05300000e+05,1.163673751021e+08,5.068801616573e+07,2.293800552955e+03,1.475475050235e+03,1.269276970860e+08
1.05480000e+05,1.167802198216e+08,5.095358451171e+07,2.293363568698e+03,1.475284545555e+03,1.274122711130e+08
1.05660000e+05,1.171929861929e+08,5.121911867294e+07,2.292930011874e+03,1.475095217884e+03,1.278968077862e+08
1.05840000e+05,1.176056748295e+08,5.148461886034e+07,2.292499842274e+03,1.474907056860e+03,1.283813072071e+08
1.06020000e+05,1.180182863374e+08,5.175008528298e+07,2.292073020312e+03,1.474720052234e+03,1.288657694780e+08
1.06200000e+05,1.184308213157e+08,5.201551814810e+07,2.291649507015e+03,1.474534193865e+03,1.293501947024e+08
1.06380000e+05,1.188432803566e+08,5.228091766113e+07,2.291229264015e+03,1.474349471721e+03,1.298345829841e+08
1.06560000e+05,1.192556640452e+08,5.254628402569e+07,2.290812253529e+03,1.474165875875e+03,1.303189344280e+08
1.06740000e+05,1.196679729600e+08,5.281161744362e+07,2.290398438356e+03,1.473983396509e+03,1.308032491397e+08
1.06920000e+05,1.200802076729e+08,5.307691811502e+07,2.289987781861e+03,1.473802023906e+03,1.312875272253e+08
1.07100000e+05,1.204923687492e+08,5.334218623823e+07,2.289580247968e+03,1.473621748456e+03,1.317717687917e+08
1.07280000e+05,1.209044567478e+08,5.360742200990e+07,2.289175801143e+03,1.473442560648e+03,1.322559739464e+08
1.07460000e+05,1.213164722212e+08,5.387262562494e+07,2.288774406394e+03,1.473264451075e+03,1.327401427973e+08
1.07640000e+05,1.217284157156e+08,5.413779727660e+07,2.288376029250e+03,1.473087410429e+03,1.332242754529e+08
1.07820000e+05,1.221402877711e+08,5.440293715645e+07,2.287980635758e+03,1.472911429499e+03,1.337083720224e+08
1.08000000e+05,1.225520889218e+08,5.466804545443e+07,2.287588192473e+03,1.472736499176e+03,1.341924326152e+08
1.08180000e+05,1.229638196958e+08,5.493312235883e+07,2.287198666446e+03,1.472562610443e+03,1.346764573413e+08
1.08360000e+05,1.233754806152e+08,5.519816805632e+07,2.286812025216e+03,1.472389754381e+03,1.351604463110e+08
1.08540000e+05,1.237870721964e+08,5.546318273201e+07,2.286428236801e+03,1.472217922166e+03,1.356443996351e+08
1.08720000e+05,1.241985949501e+08,5.572816656938e+07,2.286047269690e+03,1.472047105067e+03,1.361283174246e+08
1.08900000e+05,1.246100493813e+08,5.599311975039e+07,2.285669092834e+03,1.471877294444e+03,1.366121997910e+08
1.09080000e+05,1.250214359895e+08,5.625804245543e+07,2.285293675635e+03,1.471708481750e+03,1.370960468459e+08
1.09260000e+05,1.254327552687e+08,5.652293486336e+07,2.284920987944e+03,1.471540658527e+03,1.375798587014e+08
1.09440000e+05,1.258440077075e+08,5.678779715153e+07,2.284551000046e+03,1.471373816407e+03,1.380636354697e+08
1.09620000e+05,1.262551937893e+08,5.705262949580e+07,2.284183682656e+03,1.471207947109e+03,1.385473772632e+08
1.09800000e+05,1.266663139921e+08,5.731743207053e+07,2.283819006911e+03,1.471043042442e+03,1.390310841946e+08
1.09980000e+05,1.270773687890e+08,5.758220504863e+07,2.283456944361e+03,1.470879094298e+03,1.395147563767e+08
1.10160000e+05,1.274883586476e+08,5.784694860155e+07,2.283097466964e+03,1.470716094654e+03,1.399983939225e+08
1.10340000e+05,1.278992840309e+08,5.811166289930e+07,2.282740547077e+03,1.470554035575e+03,1.404819969452e+08
1.10520000e+05,1.283101453967e+08,5.837634811048e+07,2.282386157448e+03,1.470392909204e+03,1.409655655579e+08
1.10700000e+05,1.287209431981e+08,5.864100440227e+07,2.282034271212e+03,1.470232707771e+03,1.414490998741e+08
1.10880000e+05,1.291316778833e+08,5.890563194048e+07,2.281684861882e+03,1.470073423584e+03,1.419326000072e+08
1.11060000e+05,1.295423498958e+08,5.917023088950e+07,2.281337903342e+03,1.469915049032e+03,1.424160660706e+08
1.11240000e+05,1.299529596744e+08,5.943480141241e+07,2.280993369844e+03,1.469757576584e+03,1.428994981779e+08
1.11420000e+05,1.303635076532e+08,5.969934367091e+07,2.280651235997e+03,1.469600998787e+03,1.433828964427e+08
1.11600000e+05,1.307739942621e+08,5.996385782537e+07,2.280311476763e+03,1.469445308266e+03,1.438662609785e+08
1.11780000e+05,1.311844199262e+08,6.022834403484e+07,2.279974067453e+03,1.469290497721e+03,1.443495918989e+08
1.11960000e+05,1.315947850663e+08,6.049280245706e+07,2.279638983715e+03,1.469136559930e+03,1.448328893174e+08
1.12140000e+05,1.320050900988e+08,6.075723324850e+07,2.279306201537e+03,1.468983487745e+03,1.453161533476e+08
1.12320000e+05,1.324153354358e+08,6.102163656432e+07,2.278975697231e+03,1.468831274090e+03,1.457993841029e+08
1.12500000e+05,1.328255214854e+08,6.128601255842e+07,2.278647447436e+03,1.468679911966e+03,1.462825816966e+08
1.12680000e+05,1.332356486511e+08,6.155036138345e+07,2.278321429110e+03,1.468529394441e+03,1.467657462422e+08
1.12860000e+05,1.336457173327e+08,6.181468319083e+07,2.277997619520e+03,1.468379714660e+03,1.472488778529e+08
1.13040000e+05,1.340557279257e+08,6.207897813073e+07,2.277675996244e+03,1.468230865834e+03,1.477319766417e+08
1.13220000e+05,1.344656808215e+08,6.234324635213e+07,2.277356537161e+03,1.468082841246e+03,1.482150427218e+08
1.13400000e+05,1.348755764079e+08,6.260748800279e+07,2.277039220446e+03,1.467935634247e+03,1.486980762059e+08
1.13580000e+05,1.352854150685e+08,6.287170322927e+07,2.276724024570e+03,1.467789238257e+03,1.491810772069e+08
1.13760000e+05,1.356951971830e+08,6.313589217697e+07,2.276410928287e+03,1.467643646763e+03,1.496640458374e+08
1.13940000e+05,1.361049231277e+08,6.340005499013e+07,2.276099910636e+03,1.467498853316e+03,1.501469822097e+08
1.14120000e+05,1.365145932747e+08,6.366419181181e+07,2.275790950934e+03,1.467354851537e+03,1.506298864363e+08
1.14300000e+05,1.369242079926e+08,6.392830278395e+07,2.275484028772e+03,1.467211635109e+03,1.511127586291e+08
1.14480000e+05,1.373337676464e+08,6.419238804734e+07,2.275179124008e+03,1.467069197780e+03,1.515955989002e+08
1.14660000e+05,1.377432725974e+08,6.445644774167e+07,2.274876216766e+03,1.466927533362e+03,1.520784073611e+08
1.14840000e+05,1.381527232034e+08,6.472048200550e+07,2.274575287429e+03,1.466786635727e+03,1.525611841236e+08
1.15020000e+05,1.385621198187e+08,6.498449097631e+07,2.274276316637e+03,1.466646498813e+03,1.530439292988e+08
1.15200000e+05,1.389714627940e+08,6.524847479049e+07,2.273979285281e+03,1.466507116615e+03,1.535266429978e+08
1.15380000e+05,1.393807524769e+08,6.551243358336e+07,2.273684174502e+03,1.466368483193e+03,1.540093253316e+08
1.15560000e+05,1.397899892113e+08,6.577636748915e+07,2.273390965681e+03,1.466230592662e+03,1.544919764107e+08
1.15740000e+05,1.401991733378e+08,6.604027664108e+07,2.273099640441e+03,1.466093439200e+03,1.549745963454e+08
1.15920000e+05,1.406083051940e+08,6.630416117128e+07,2.272810180641e+03,1.465957017041e+03,1.554571852460e+08
1.16100000e+05,1.410173851140e+08,6.656802121088e+07,2.272522568372e+03,1.465821320479e+03,1.559397432223e+08
1.16280000e+05,1.414264134287e+08,6.683185688998e+07,2.272236785953e+03,1.465686343861e+03,1.564222703839e+08
1.16460000e+05,1.418353904660e+08,6.709566833767e+07,2.271952815929e+03,1.465552081595e+03,1.569047668402e+08
1.16640000e+05,1.422443165505e+08,6.735945568202e+07,2.271670641064e+03,1.465418528142e+03,1.573872327001e+08
1.16820000e+05,1.426531920037e+08,6.762321905013e+07,2.271390244343e+03,1.465285678018e+03,1.578696680726e+08
1.17000000e+05,1.430620171444e+08,6.788695856811e+07,2.271111608963e+03,1.465153525795e+03,1.583520730660e+08
1.17180000e+05,1.434707922879e+08,6.815067436110e+07,2.270834718333e+03,1.465022066098e+03,1.588344477886e+08
1.17360000e+05,1.438795177469e+08,6.841436655327e+07,2.270559556070e+03,1.464891293604e+03,1.593167923483e+08
1.17540000e+05,1.442881938311e+08,6.867803526785e+07,2.270286105994e+03,1.464761203044e+03,1.597991068528e+08
1.17720000e+05,1.446968208472e+08,6.894168062710e+07,2.270014352128e+03,1.464631789200e+03,1.602813914093e+08
1.17900000e+05,1.451053990990e+08,6.920530275238e+07,2.269744278692e+03,1.464503046907e+03,1.607636461247e+08
1.18080000e+05,1.455139288876e+08,6.946890176410e+07,2.269475870103e+03,1.464374971049e+03,1.612458711059e+08
1.18260000e+05,1.459224105114e+08,6.973247778177e+07,2.269209110968e+03,1.464247556560e+03,1.617280664591e+08
1.18440000e+05,1.463308442659e+08,6.999603092397e+07,2.268943986084e+03,1.464120798424e+03,1.622102322903e+08
1.18620000e+05,1.467392304439e+08,7.025956130841e+07,2.268680480434e+03,1.463994691676e+03,1.626923687054e+08
1.18800000e+05,1.471475693354e+08,7.052306905189e+07,2.268418579186e+03,1.463869231396e+03,1.631744758097e+08
1.18980000e+05,1.475558612280e+08,7.078655427033e+07,2.268158267687e+03,1.463744412714e+03,1.636565537081e+08
1.19160000e+05,1.479641064065e+08,7.105001707880e+07,2.267899531463e+03,1.463620230807e+03,1.641386025055e+08
1.19340000e+05,1.483723051533e+08,7.131345759147e+07,2.267642356213e+03,1.463496680898e+03,1.646206223062e+08
1.19520000e+05,1.487804577478e+08,7.157687592168e+07,2.267386727812e+03,1.463373758257e+03,1.651026132143e+08
1.19700000e+05,1.491885644675e+08,7.184027218192e+07,2.267132632303e+03,1.463251458200e+03,1.655845753334e+08
1.19880000e+05,1.495966255869e+08,7.210364648383e+07,2.266880055896e+03,1.463129776087e+03,1.660665087669e+08
1.20060000e+05,1.500046413782e+08,7.236699893823e+07,2.266628984967e+03,1.463008707324e+03,1.665484136177e+08
1.20240000e+05,1.504126121112e+08,7.263032965512e+07,2.266379406054e+03,1.462888247360e+03,1.670302899885e+08
1.20420000e+05,1.508205380533e+08,7.289363874366e+07,2.266131305856e+03,1.462768391688e+03,1.675121379816e+08
1.20600000e+05,1.512284194695e+08,7.315692631223e+07,2.265884671229e+03,1.462649135845e+03,1.679939576990e+08
1.20780000e+05,1.516362566224e+08,7.342019246841e+07,2.265639489184e+03,1.462530475409e+03,1.684757492421e+08
1.20960000e+05,1.520440497723e+08,7.368343731896e+07,2.265395746886e+03,1.462412406001e+03,1.689575127122e+08
1.21140000e+05,1.524517991771e+08,7.394666096989e+07,2.265153431649e+03,1.462294923285e+03,1.694392482102e+08
1.21320000e+05,1.528595050928e+08,7.420986352640e+07,2.264912530939e+03,1.462178022964e+03,1.699209558364e+08
